pIC50
6.804
5.951
4.896
6.167
6.244
6.77
8.051
7.951
8.387
8.215
8.155
7.387
7.347
5.921
6.658
6.187
6.921
4.693
5.845
5.921
5.456
6.863
6.553
6.18
6.921
7.201
7.155
7.678
6.572
8.108
7.796
7.071
6.041
6.292
4.699
5.788
6.658
6.367
4.721
6.409
6.77
8.046
7.097
5.26
8.699
8.398
7.31
8.367
6.955
6.77
6
5.097
6.602
5.602
6.921
5.143
5.824
5.921
4.854
6.481
4.921
5.796
6.244
5.77
5.658
6.921
6.046
6.208
7.523
5.071
5.398
6.046
7.357
5.42
7.523
5.301
6.77
7.886
5.046
6.959
8.301
8.523
8.398
7.886
8.523
8.699
5.735
8.222
5.961
7.06
7.319
7.456
7.538
6.815
8.222
8.222
8.155
8.301
8.301
8.097
8.523
6.509
6.493
8.222
7.921
6.804
7.398
6.971
7.658
7.444
6.706
7
6.848
7.553
7.086
6.517
6.767
7.26
6.496
6.341
8.523
6.492
8.301
7.745
8.523
8.699
9
7.027
7.149
6.757
7.367
7.538
7.921
7.658
7.42
7.509
7.886
9
6.398
7.398
5.337
5.721
4.733
5.298
5.377
5.092
4.979
5
6.046
7.569
5.688
7.237
6.921
6.921
6.854
6.824
6.658
6.638
6.553
6.509
6.509
6.509
6.387
6.292
5.699
5.523
5.523
5.398
5.301
5.155
5.046
5.046
5
4.921
4.824
4.77
4.77
4.745
4.699
4.481
4.481
4.398
4.357
8